[ColorIntrinsic]
fx=305.688171
fy=305.688812
cx=320.060211
cy=199.682587
width=640
height=400
[ColorDistortion]
k1=-1.156537
k2=0.629011
k3=-0.117749
k4=-1.139601
k5=0.605042
k6=-0.108573
p1=0.000039
p2=0.000383


[DepthIntrinsic]
fx=305.688171
fy=305.688812
cx=320.060211
cy=199.682587
width=640
height=400
[DepthDistortion]
k1=0.000000
k2=0.000000
k3=0.000000
k4=0.000000
k5=0.000000
k6=0.000000
p1=0.000000
p2=0.000000


[D2CTransformParam]
rot0=1.000000
rot1=0.000000
rot2=0.000000
rot3=0.000000
rot4=1.000000
rot5=0.000000
rot6=0.000000
rot7=0.000000
rot8=1.000000
trans0=0.000000
trans1=0.000000
trans2=0.000000
